869
1182
704
1186
738
1130
324
1315
1320
1073
10
3
977
178
234
906
217
1071
1310
718
466
399
1252
1091
1081
345
526
545
1039
864
473
550
213
219
444
73
602
950
298
1319
277
639
626
880
14
811
488
1048
249
932
1028
440
497
75
1276
1171
387
769
648
647
288
59
6
778
586
612
521
287
1180
932
602
41
1250
874
1038
720
1213
661
768
345
977
181
437
901
293
1168
1098
435
1144
95
1221
1168
76
647
1255
175
379
346
1151
818
573
1107
859
1235
1086
590
282
73
372
552
734
816
1146
595
549
122
61
487
490
293
677
307
1013
429
1235
4
541
985
1314
1296
543
283
848
382
532
305
1167
1037
240
316
289
328
1074
1013
838
667
1262
747
608
705
1082
149
810
606
1176
303
1252
483
872
467
807
419
697
109
897
406
700
871
1006
409
976
827
547
801
256
921
336
701
1029
1273
607
1140
1098
1159
1125
814
11
978
1195
1317
1057
704
7
369
251
981
495
104
924
1262
666
1044
438
1082
34
624
1196
819
236
605
422
299
1273
51
240
1256
870
500
325
1171
1097
922
1245
459
149
458
1207
546
382
1079
373
909
607
587
1120
222
737
489
978
450
725
36
517
743
604
823
92
489
1299
1030
297
901
770
1019
392
13
454
387
539
569
385
936
281
443
278
391
257
582
468
252
289
82
138
829
40
262
612
602
33
999
390
343
389
1229
12
1210
699
154
399
690
712
1292
1122
798
1285
92
915
1212
865
372
489
1096
1257
232
558
774
1119
1096
227
956
837
1319
483
744
163
1259
827
805
664
73
997
991
181
377
220
421
108
1038
536
22
1324
445
1032
1306
246
1298
1115
728
401
1022
681
864
663
1288
605
482
828
629
514
529
400
890
485
635
1182
1244
626
741
1195
455
585
173
619
399
672
1196
216
85
1145
845
1306
1037
1284
41
597
571
152
17
221
247
363
398
28
744
754
156
820
139
439
524
444
1042
492
527
1299
102
787
158
501
150
616
1005
198
1017
372
257
12
308
353
1292
16
665
48
702
298
141
876
1069
417
876
521
1207
193
369
920
260
1208
755
282
658
459
398
1010
752
303
536
579
432
1052
719
732
381
506
1115
868
215
1025
904
1073
107
519
530
866
1096
876
401
285
1216
106
726
1314
87
154
490
581
145
955
69
385
1010
617
74
49
999
891
439
1008
1078
587
823
497
367
1253
300
630
992
658
557
887
842
1119
334
885
1035
888
149
794
869
1193
1129
367
979
659
501
180
1297
674
1128
1240
674
1075
1124
189
671
388
1322
1319
206
211
892
1310
327
816
142
252
1153
690
507
1302
53
613
551
628
845
521
1058
477
1122
308
329
394
954
311
90
216
420
903
1101
1197
878
764
675
89
473
1313
845
1035
756
706
241
1015
137
939
263
587
577
1166
122
1198
336
220
731
1096
1200
298
1123
2
178
1295
1001
939
1264
885
115
177
1100
173
966
1268
1107
1106
477
1284
873
864
394
1014
1307
1258
105
815
868
261
1283
726
416
106
1050
1236
927
72
13
564
911
733
906
991
388
697
1016
271
919
303
797
274
467
731
1089
502
937
1045
721
1078
489
570
1184
637
1017
128
251
1079
539
180
510
694
42
79
1172
108
1275
280
1296
1149
667
207
718
651
666
310
73
880
1257
430
441
111
874
27
217
312
1322
549
19
374
640
608
905
912
900
1234
1313
379
931
304
1216
827
125
147
94
392
1153
17
322
943
658
254
308
101
1104
43
1082
248
774
1233
503
281
779
481
858
437
637
816
410
323
319
96
114
590
1271
1235
1
762
765
693
191
116
340
432
580
237
465
111
855
689
924
154
659
355
385
632
146
1030
1044
841
1266
941
320
834
187
363
323
203
1098
133
854
819
621
255
580
669
950
998
472
714
397
1097
637
1287
443
1324
337
1305
36
484
1268
501
992
390
959
167
674
814
276
793
615
587
1312
311
648
817
1132
182
535
1192
259
930
625
1317
1080
1298
325
291
264
247
1183
1089
444
987
1174
936
533
35
618
494
595
519
1043
906
821
232
711
717
931
148
1097
1310
280
1212
573
248
506
613
1057
1258
1233
425
701
1319
545
1164
1290
330
300
288
1248
481
445
102
1107
589
995
1001
56
272
507
745
50
1117
1308
1158
290
1242
910
782
1287
583
1298
261
195
32
1244
421
1285
1058
502
1116
143
910
1230
1177
1137
13
736
1186
1316
119
309
147
705
651
660
987
390
1097
1128
929
16
1017
845
794
1240
240
723
123
1005
294
248
1077
96
390
1312
70
1060
23
621
844
1324
214
45
250
110
72
629
577
168
19
1206
741
735
721
393
124
1094
1116
39
778
12
1053
986
412
1249
874
1024
350
675
599
664
111
779
1125
289
364
567
982
471
1190
1144
217
302
357
607
1234
596
334
302
230
911
1181
185
1071
964
177
453
587
537
1107
275
3
141
659
456
254
218
973
113
149
814
926
813
1304
1218
454
541
138
574
63
1043
1086
69
984
835
