10729
1078
11267
20432
18749
3736
4338
22522
22400
18232
22925
18114
14861
6503
5013
2208
10254
14181
11363
15435
17478
22419
23983
23735
19978
20438
9974
19728
21848
7531
1608
8216
15305
8964
18563
11586
8672
917
11231
19542
4033
15386
19270
18610
19896
19679
15901
473
8993
15910
22098
11024
12404
2705
22920
16332
16827
3270
15620
11057
8806
24149
20630
21283
12590
10187
9997
20406
8750
6083
6929
10482
10591
21111
20793
11597
16577
24253
3847
4777
14510
17046
651
11452
17031
23828
6325
15205
21252
3999
7584
1014
13878
19237
16661
20285
4568
142
12299
7125
2685
17613
5083
17492
17775
1611
11762
18323
5373
7825
8814
17954
16704
23535
14340
16372
3687
21276
7501
2250
5728
14369
15475
3583
17072
7964
5122
4685
22290
21736
2561
10034
13240
20817
7810
8588
10156
42
15183
21234
17216
13433
10155
4407
20013
5198
20624
9735
7598
2060
9012
8543
24247
16042
6996
16575
2924
1232
17572
9920
5781
14699
7514
9954
18512
22430
11544
17373
24350
12966
23283
22890
23542
6528
12282
14595
14389
6432
12934
19496
16726
13249
23155
15391
8101
14509
17456
10092
11232
15421
18798
835
14536
14462
9160
10765
23044
3897
8068
542
23992
9337
16964
4448
5792
24241
10171
6468
1636
4620
24396
18569
20718
15748
11773
8362
16647
15545
14489
18406
888
10504
15620
21191
1101
21387
17573
23900
2640
8936
7464
23432
8521
6586
22810
3026
5630
16487
19697
24353
24445
7989
6579
3219
4392
26
21331
6431
7900
4227
22384
6747
7592
5177
14738
7034
23108
10898
4208
13738
1951
21722
725
1772
13566
23368
21375
3722
17463
9268
20565
24122
22228
7817
24332
2924
8380
22507
12934
2153
18720
22990
10721
23604
14268
15658
22848
13027
7550
3046
16696
22561
19491
2485
19034
5340
17724
15041
16945
16998
12077
937
8259
11326
1036
5676
3866
10377
938
2849
10527
12427
568
19626
3476
9828
1413
18851
20672
16194
17273
12982
4134
16096
21147
9630
8900
12903
21624
13403
2195
3485
9111
15607
3237
9067
15010
4601
3455
20594
23134
21092
8632
15473
22736
17954
6683
8437
17559
1317
2250
1503
14850
8261
2198
17179
9400
9100
5324
17920
13226
15780
2358
13305
3685
20702
18101
22220
428
21188
14043
17338
7486
9098
4354
16760
5875
3039
11492
1325
14902
2862
20052
18180
13891
13555
24314
14205
3260
14184
22709
3737
16117
2485
13646
5661
16552
22047
19359
2773
941
7547
10233
11795
13229
21918
18158
5425
18705
23260
24168
10833
19742
23547
2196
18564
10288
17680
18928
17390
2088
16195
2588
21618
15207
5848
1789
3617
5229
21578
18027
1369
24199
6894
7498
10800
22127
24363
24397
12825
19241
19726
16573
4082
9976
11506
2901
7024
24344
1437
11562
12275
5579
3707
23049
21305
1716
13104
23785
5222
20304
2160
13372
1766
16150
14655
9631
10628
24274
21581
7087
4782
23021
7188
4715
5610
8367
14394
523
416
21287
6130
12484
6374
6264
7968
20168
24386
17147
5898
690
9980
15967
23093
20674
2550
13359
6601
21963
24135
6416
5788
1804
19768
6812
20519
15088
11909
5638
21479
1777
11653
14989
1052
16007
9626
1137
9640
12978
3561
19774
18543
6551
20773
18706
23405
4283
6316
23783
19441
10882
10462
15090
21254
15138
7976
2470
19162
1439
17661
10069
5910
22889
6890
9612
21286
6811
1268
9135
3534
523
5147
19663
22208
3619
18137
7659
4787
16677
11585
23525
7064
4098
5227
17318
15579
24418
19351
23492
23650
13558
2377
23698
12814
7243
24066
2850
16469
15087
10326
152
10712
15228
21114
18572
1535
10967
17736
15675
4781
19569
4350
4458
2287
7135
5545
19576
8002
21101
21427
14526
15084
17278
14114
6790
10529
21806
17948
15059
22365
4828
2039
5333
3137
2221
4739
16244
22249
1402
20830
3654
3899
173
12715
1787
409
12274
4964
3334
3400
24334
14797
10058
21960
24048
22597
8794
1734
22503
822
19133
904
18716
2415
6609
5530
19147
19042
20611
10961
11297
2001
7742
14440
15173
3554
5307
9968
6394
1419
10995
21658
12711
15999
10889
17843
15531
21772
3634
2034
24439
17320
3639
532
8220
10506
9838
17103
1058
3151
3705
3929
8885
4353
1968
23062
16348
19137
7494
13684
16835
3239
21461
3161
16297
1096
16444
22467
1246
16054
24019
19992
12483
9320
4167
15363
5028
5469
3677
2351
335
3538
6610
13073
6066
19573
13417
4951
15546
17952
5948
22939
20549
6176
4235
6733
15942
19727
11636
13296
4469
15860
8724
11512
12604
6608
6873
12563
20687
13144
24457
7294
20520
9721
8877
22008
14289
18771
19478
16135
4217
17996
11394
20798
19302
16683
7243
23173
22771
21246
9813
8429
1407
17600
10375
13335
18464
20373
14242
13409
1088
3597
20348
12566
19766
11327
20877
6740
6397
19594
18648
201
20527
16167
21368
4589
19598
2008
17952
15420
16005
22721
23934
20567
8459
3274
12310
24319
2951
16925
20494
15475
1152
13825
19502
22675
10175
20423
12050
21676
2087
2702
354
22090
14152
17848
10800
1035
13768
23113
11103
13827
10016
11242
7790
19300
16204
11468
3117
5055
23767
16850
9271
14609
284
16946
15525
1616
4367
23895
4522
21989
15156
9073
14736
6581
14922
20612
21356
9472
12054
3357
17248
15515
24142
7039
9312
14267
23582
14895
1001
12481
17000
20314
19441
23190
13925
20394
5975
19005
6963
12912
11909
15736
21498
1731
14325
17783
7708
7169
20607
17582
16255
9163
20059
11515
20232
7281
13322
17630
14771
22137
23080
14878
11594
23884
15833
15213
18664
17007
8473
15614
21983
12695
19291
14215
19512
23121
3656
12843
12345
11009
17050
15240
616
9531
22502
14140
8972
14186
2382
15998
16926
8913
12390
24171
3990
24091
8757
2846
4370
22122
22118
11927
22584
7568
18216
23989
18948
10548
4547
24052
9311
22537
8434
6113
11376
10449
2639
19347
8006
5878
3695
12293
21593
18336
12771
13796
9271
8739
11355
22545
18744
6957
15950
14139
15654
17496
6107
20800
21919
1990
1659
23067
2941
7250
20239
18658
4229
11182
23074
2055
5287
4082
19434
21010
7398
16785
3583
11426
21327
9425
24419
12192
15763
19084
66
12916
21752
11711
